badge
1
1155
1557
1668
2
237
260
682
848
936
badge
1
1155
1557
1668
2
237
260
682
848
936
badge
1
1155
1557
1668
2
237
260
682
848
936
